image_width: 640
image_height: 480
camera_name: narrow_stereo/right
camera_matrix:
  rows: 3
  cols: 3
  data: [416.28572,   0.     , 332.57125,
           0.     , 418.36725, 257.47571,
           0.     ,   0.     ,   1.     ]
distortion_model: plumb_bob
distortion_coefficients:
  rows: 1
  cols: 5
  data: [-0.342204, 0.097763, -0.001208, 0.004510, 0.000000]
rectification_matrix:
  rows: 3
  cols: 3
  data: [ 0.99781595, -0.04580148, -0.0475978 ,
          0.04631754,  0.99887874,  0.00979575,
          0.04709577, -0.01197897,  0.99881855]
projection_matrix:
  rows: 3
  cols: 4
  data: [384.88623,   0.     , 377.4899 , -27.75643,
           0.     , 384.88623, 255.15891,   0.     ,
           0.     ,   0.     ,   1.     ,   0.     ]
