image_width: 640
image_height: 480
camera_name: narrow_stereo/left
camera_matrix:
  rows: 3
  cols: 3
  data: [414.75541,   0.     , 331.45915,
           0.     , 416.39259, 241.27249,
           0.     ,   0.     ,   1.     ]
distortion_model: plumb_bob
distortion_coefficients:
  rows: 1
  cols: 5
  data: [-0.372178, 0.132477, 0.000111, 0.000674, 0.000000]
rectification_matrix:
  rows: 3
  cols: 3
  data: [ 0.99037438, -0.13154635, -0.04305966,
          0.13107001,  0.99127821, -0.01371717,
          0.04448855,  0.0079413 ,  0.99897833]
projection_matrix:
  rows: 3
  cols: 4
  data: [403.44814,   0.     , 380.53588,   0.     ,
           0.     , 403.44814, 254.82164,   0.     ,
           0.     ,   0.     ,   1.     ,   0.     ]
