image_width: 640
image_height: 480
camera_name: narrow_stereo/right
camera_matrix:
  rows: 3
  cols: 3
  data: [414.86484,   0.     , 333.31795,
           0.     , 416.36017, 248.76497,
           0.     ,   0.     ,   1.     ]
distortion_model: plumb_bob
distortion_coefficients:
  rows: 1
  cols: 5
  data: [-0.335420, 0.087800, 0.000528, 0.004037, 0.000000]
rectification_matrix:
  rows: 3
  cols: 3
  data: [ 0.99763996, -0.02549394, -0.06375398,
          0.02583484,  0.99965597,  0.0045284 ,
          0.0636166 , -0.00616479,  0.99795537]
projection_matrix:
  rows: 3
  cols: 4
  data: [382.37049,   0.     , 396.50126, -27.66096,
           0.     , 382.37049, 249.20452,   0.     ,
           0.     ,   0.     ,   1.     ,   0.     ]
