image_width: 640
image_height: 480
camera_name: narrow_stereo/right
camera_matrix:
  rows: 3
  cols: 3
  data: [545.81592,   0.     , 341.82284,
           0.     , 545.2353 , 246.67508,
           0.     ,   0.     ,   1.     ]
distortion_model: plumb_bob
distortion_coefficients:
  rows: 1
  cols: 5
  data: [-0.339370, 0.156815, 0.002665, -0.003928, 0.000000]
rectification_matrix:
  rows: 3
  cols: 3
  data: [ 0.99998679,  0.00297418, -0.0041929 ,
         -0.0029659 ,  0.99999364,  0.00197993,
          0.00419876, -0.00196747,  0.99998925]
projection_matrix:
  rows: 3
  cols: 4
  data: [517.44578,   0.     , 353.74751, -66.95569,
           0.     , 517.44578, 252.20117,   0.     ,
           0.     ,   0.     ,   1.     ,   0.     ]
