image_width: 640
image_height: 480
camera_name: narrow_stereo/left
camera_matrix:
  rows: 3
  cols: 3
  data: [412.35494,   0.     , 330.41542,
           0.     , 413.72276, 236.70536,
           0.     ,   0.     ,   1.     ]
distortion_model: plumb_bob
distortion_coefficients:
  rows: 1
  cols: 5
  data: [-0.351970, 0.101670, 0.001241, 0.001655, 0.000000]
rectification_matrix:
  rows: 3
  cols: 3
  data: [ 0.99287781, -0.10865696, -0.04886011,
          0.10839355,  0.99407574, -0.00801683,
          0.04944173,  0.00266361,  0.99877346]
projection_matrix:
  rows: 3
  cols: 4
  data: [382.37049,   0.     , 396.50126,   0.     ,
           0.     , 382.37049, 249.20452,   0.     ,
           0.     ,   0.     ,   1.     ,   0.     ]
