image_width: 1280
image_height: 720
camera_name: narrow_stereo/right
camera_matrix:
  rows: 3
  cols: 3
  data: [674.91714,   0.     , 618.16151,
           0.     , 682.56047, 386.88174,
           0.     ,   0.     ,   1.     ]
distortion_model: plumb_bob
distortion_coefficients:
  rows: 1
  cols: 5
  data: [-0.290601, 0.054839, -0.001185, 0.005415, 0.000000]
rectification_matrix:
  rows: 3
  cols: 3
  data: [ 0.98872573, -0.02582231, -0.14749451,
          0.02700832,  0.99961694,  0.00604365,
          0.14728195, -0.00995909,  0.98904441]
projection_matrix:
  rows: 3
  cols: 4
  data: [673.76261,   0.     , 906.24007, -49.8681 ,
           0.     , 673.76261, 389.16578,   0.     ,
           0.     ,   0.     ,   1.     ,   0.     ]
