image_width: 640
image_height: 480
camera_name: narrow_stereo/left
camera_matrix:
  rows: 3
  cols: 3
  data: [544.17723,   0.     , 354.14632,
           0.     , 543.63461, 250.55006,
           0.     ,   0.     ,   1.     ]
distortion_model: plumb_bob
distortion_coefficients:
  rows: 1
  cols: 5
  data: [-0.355665, 0.228516, 0.001711, -0.000307, 0.000000]
rectification_matrix:
  rows: 3
  cols: 3
  data: [ 0.99980118,  0.01988806,  0.00143589,
         -0.01988518,  0.99980029, -0.00198808,
         -0.00147514,  0.00195913,  0.99999699]
projection_matrix:
  rows: 3
  cols: 4
  data: [517.44578,   0.     , 353.74751,   0.     ,
           0.     , 517.44578, 252.20117,   0.     ,
           0.     ,   0.     ,   1.     ,   0.     ]
