image_width: 640
image_height: 480
camera_name: narrow_stereo/left
camera_matrix:
  rows: 3
  cols: 3
  data: [401.27906,   0.     , 331.26357,
           0.     , 402.93069, 227.44799,
           0.     ,   0.     ,   1.     ]
distortion_model: plumb_bob
distortion_coefficients:
  rows: 1
  cols: 5
  data: [-0.359063, 0.117593, 0.003251, -0.000780, 0.000000]
rectification_matrix:
  rows: 3
  cols: 3
  data: [ 0.99549707, -0.03204615, -0.08921118,
          0.0317444 ,  0.9994845 , -0.00479953,
          0.089319  ,  0.00194596,  0.99600117]
projection_matrix:
  rows: 3
  cols: 4
  data: [359.36371,   0.     , 416.47868,   0.     ,
           0.     , 359.36371, 235.89254,   0.     ,
           0.     ,   0.     ,   1.     ,   0.     ]
