image_width: 640
image_height: 480
camera_name: narrow_stereo/right
camera_matrix:
  rows: 3
  cols: 3
  data: [403.34811,   0.     , 340.86832,
           0.     , 405.31735, 237.56473,
           0.     ,   0.     ,   1.     ]
distortion_model: plumb_bob
distortion_coefficients:
  rows: 1
  cols: 5
  data: [-0.345477, 0.098971, 0.002585, 0.000301, 0.000000]
rectification_matrix:
  rows: 3
  cols: 3
  data: [ 0.99674414,  0.00870043, -0.08015868,
         -0.0084295 ,  0.99995756,  0.0037177 ,
          0.08018762, -0.0030299 ,  0.99677518]
projection_matrix:
  rows: 3
  cols: 4
  data: [359.36371,   0.     , 416.47868, -24.47598,
           0.     , 359.36371, 235.89254,   0.     ,
           0.     ,   0.     ,   1.     ,   0.     ]
