image_width: 1280
image_height: 720
camera_name: narrow_stereo/left
camera_matrix:
  rows: 3
  cols: 3
  data: [671.63611,   0.     , 651.77728,
           0.     , 675.78752, 360.70227,
           0.     ,   0.     ,   1.     ]
distortion_model: plumb_bob
distortion_coefficients:
  rows: 1
  cols: 5
  data: [-0.293530, 0.055935, -0.000026, -0.000676, 0.000000]
rectification_matrix:
  rows: 3
  cols: 3
  data: [ 0.99170686, -0.10725438, -0.07080965,
          0.10668155,  0.99422282, -0.01183347,
          0.07166977,  0.00418125,  0.99741965]
projection_matrix:
  rows: 3
  cols: 4
  data: [673.76261,   0.     , 906.24007,   0.     ,
           0.     , 673.76261, 389.16578,   0.     ,
           0.     ,   0.     ,   1.     ,   0.     ]
