image_width: 640
image_height: 480
camera_name: narrow_stereo/right
camera_matrix:
  rows: 3
  cols: 3
  data: [417.44414,   0.     , 334.13605,
           0.     , 419.51306, 257.26618,
           0.     ,   0.     ,   1.     ]
distortion_model: plumb_bob
distortion_coefficients:
  rows: 1
  cols: 5
  data: [-0.354607, 0.110260, -0.001663, 0.003828, 0.000000]
rectification_matrix:
  rows: 3
  cols: 3
  data: [ 0.99744277, -0.05115078, -0.04991501,
          0.05168996,  0.99861732,  0.00957063,
          0.04935645, -0.01212626,  0.99870761]
projection_matrix:
  rows: 3
  cols: 4
  data: [403.44814,   0.     , 380.53588, -27.79251,
           0.     , 403.44814, 254.82164,   0.     ,
           0.     ,   0.     ,   1.     ,   0.     ]
