image_width: 640
image_height: 480
camera_name: narrow_stereo/right
camera_matrix:
  rows: 3
  cols: 3
  data: [403.44567,   0.     , 328.76448,
           0.     , 405.37108, 242.64132,
           0.     ,   0.     ,   1.     ]
distortion_model: plumb_bob
distortion_coefficients:
  rows: 1
  cols: 5
  data: [-0.333291, 0.093467, -0.000826, 0.001428, 0.000000]
rectification_matrix:
  rows: 3
  cols: 3
  data: [ 0.99347262, -0.11405312, -0.00201103,
          0.11405599,  0.99347337,  0.00137388,
          0.00184121, -0.00159428,  0.99999703]
projection_matrix:
  rows: 3
  cols: 4
  data: [369.19482,   0.     , 342.18858, -26.62212,
           0.     , 369.19482, 248.63956,   0.     ,
           0.     ,   0.     ,   1.     ,   0.     ]
