image_width: 640
image_height: 480
camera_name: narrow_stereo/right
camera_matrix:
  rows: 3
  cols: 3
  data: [426.95059,   0.     , 322.15138,
           0.     , 428.82034, 244.5077 ,
           0.     ,   0.     ,   1.     ]
distortion_model: plumb_bob
distortion_coefficients:
  rows: 1
  cols: 5
  data: [-0.357066, 0.106984, -0.002525, 0.003620, 0.000000]
rectification_matrix:
  rows: 3
  cols: 3
  data: [ 0.99205612, -0.11697471, -0.04627706,
          0.11684058,  0.99313488, -0.0056022 ,
          0.04661468,  0.00015066,  0.99891293]
projection_matrix:
  rows: 3
  cols: 4
  data: [396.66774,   0.     , 378.60059, -28.66497,
           0.     , 396.66774, 251.87567,   0.     ,
           0.     ,   0.     ,   1.     ,   0.     ]
