image_width: 640
image_height: 480
camera_name: narrow_stereo/left
camera_matrix:
  rows: 3
  cols: 3
  data: [404.80965,   0.     , 345.6798 ,
           0.     , 406.65464, 249.85517,
           0.     ,   0.     ,   1.     ]
distortion_model: plumb_bob
distortion_coefficients:
  rows: 1
  cols: 5
  data: [-0.371381, 0.132185, -0.000414, 0.001107, 0.000000]
rectification_matrix:
  rows: 3
  cols: 3
  data: [ 0.99863239, -0.05225146,  0.00177072,
          0.05225404,  0.99863279, -0.00144072,
         -0.00169302,  0.00153128,  0.99999739]
projection_matrix:
  rows: 3
  cols: 4
  data: [369.19482,   0.     , 342.18858,   0.     ,
           0.     , 369.19482, 248.63956,   0.     ,
           0.     ,   0.     ,   1.     ,   0.     ]
