image_width: 640
image_height: 480
camera_name: narrow_stereo/left
camera_matrix:
  rows: 3
  cols: 3
  data: [424.98169,   0.     , 339.65392,
           0.     , 425.94857, 255.23978,
           0.     ,   0.     ,   1.     ]
distortion_model: plumb_bob
distortion_coefficients:
  rows: 1
  cols: 5
  data: [-0.373087, 0.123422, -0.003689, 0.002678, 0.000000]
rectification_matrix:
  rows: 3
  cols: 3
  data: [ 0.99770443, -0.05521831, -0.03920228,
          0.05533113,  0.99846644,  0.00179802,
          0.03904288, -0.003963  ,  0.99922968]
projection_matrix:
  rows: 3
  cols: 4
  data: [396.66774,   0.     , 378.60059,   0.     ,
           0.     , 396.66774, 251.87567,   0.     ,
           0.     ,   0.     ,   1.     ,   0.     ]
