image_width: 1920
image_height: 1080
camera_name: narrow_stereo/left
camera_matrix:
  rows: 3
  cols: 3
  data: [989.49967,   0.     , 931.2642 ,
           0.     , 989.46711, 539.58786,
           0.     ,   0.     ,   1.     ]
distortion_model: plumb_bob
distortion_coefficients:
  rows: 1
  cols: 5
  data: [-0.299847, 0.058299, -0.000659, 0.002545, 0.000000]
rectification_matrix:
  rows: 3
  cols: 3
  data: [ 0.99132193, -0.09951052, -0.08589817,
          0.09878924,  0.99502838, -0.01261784,
          0.08672673,  0.00402252,  0.99622402]
projection_matrix:
  rows: 3
  cols: 4
  data: [ 954.49478,    0.     , 1284.33017,    0.     ,
            0.     ,  954.49478,  566.18353,    0.     ,
            0.     ,    0.     ,    1.     ,    0.     ]
