image_width: 640
image_height: 480
camera_name: narrow_stereo/right
camera_matrix:
  rows: 3
  cols: 3
  data: [415.12618,   0.     , 327.52372,
           0.     , 415.90522, 238.5511 ,
           0.     ,   0.     ,   1.     ]
distortion_model: plumb_bob
distortion_coefficients:
  rows: 1
  cols: 5
  data: [-0.370165, 0.133720, 0.001235, 0.002995, 0.000000]
rectification_matrix:
  rows: 3
  cols: 3
  data: [ 0.99160954, -0.11777397, -0.05328993,
          0.11694637,  0.99296774, -0.0184016 ,
          0.05508241,  0.01201514,  0.99840952]
projection_matrix:
  rows: 3
  cols: 4
  data: [401.60876,   0.     , 392.52   ,  29.026  ,
           0.     , 401.60876, 254.71687,   0.     ,
           0.     ,   0.     ,   1.     ,   0.     ]
