image_width: 1920
image_height: 1080
camera_name: narrow_stereo/right
camera_matrix:
  rows: 3
  cols: 3
  data: [993.10961,   0.     , 926.11337,
           0.     , 998.13248, 574.80247,
           0.     ,   0.     ,   1.     ]
distortion_model: plumb_bob
distortion_coefficients:
  rows: 1
  cols: 5
  data: [-0.309620, 0.067506, -0.003462, 0.005191, 0.000000]
rectification_matrix:
  rows: 3
  cols: 3
  data: [ 0.99330745, -0.02215759, -0.11335496,
          0.02310359,  0.9997083 ,  0.00703843,
          0.11316594, -0.00961023,  0.99352962]
projection_matrix:
  rows: 3
  cols: 4
  data: [ 954.49478,    0.     , 1284.33017,  -70.16352,
            0.     ,  954.49478,  566.18353,    0.     ,
            0.     ,    0.     ,    1.     ,    0.     ]
