image_width: 640
image_height: 480
camera_name: narrow_stereo/left
camera_matrix:
  rows: 3
  cols: 3
  data: [414.75221,   0.     , 330.92353,
           0.     , 416.21812, 241.44739,
           0.     ,   0.     ,   1.     ]
distortion_model: plumb_bob
distortion_coefficients:
  rows: 1
  cols: 5
  data: [-0.357836, 0.113046, -0.000320, 0.001578, 0.000000]
rectification_matrix:
  rows: 3
  cols: 3
  data: [ 0.99150979, -0.12616238, -0.03148642,
          0.12581114,  0.99197026, -0.01290562,
          0.0328618 ,  0.00883471,  0.99942086]
projection_matrix:
  rows: 3
  cols: 4
  data: [384.88623,   0.     , 377.4899 ,   0.     ,
           0.     , 384.88623, 255.15891,   0.     ,
           0.     ,   0.     ,   1.     ,   0.     ]
