image_width: 640
image_height: 480
camera_name: narrow_stereo/left
camera_matrix:
  rows: 3
  cols: 3
  data: [417.85604,   0.     , 328.69757,
           0.     , 418.97346, 258.78053,
           0.     ,   0.     ,   1.     ]
distortion_model: plumb_bob
distortion_coefficients:
  rows: 1
  cols: 5
  data: [-0.354869, 0.112871, -0.001414, 0.005809, 0.000000]
rectification_matrix:
  rows: 3
  cols: 3
  data: [ 0.99682514, -0.03575398, -0.07114277,
          0.03683493,  0.99922413,  0.01394013,
          0.07058916, -0.01651642,  0.99736873]
projection_matrix:
  rows: 3
  cols: 4
  data: [401.60876,   0.     , 392.52   ,   0.     ,
           0.     , 401.60876, 254.71687,   0.     ,
           0.     ,   0.     ,   1.     ,   0.     ]
