image_width: 640
image_height: 480
camera_name: narrow_stereo/left
camera_matrix:
  rows: 3
  cols: 3
  data: [405.2075 ,   0.     , 344.18351,
           0.     , 406.93933, 248.70814,
           0.     ,   0.     ,   1.     ]
distortion_model: plumb_bob
distortion_coefficients:
  rows: 1
  cols: 5
  data: [-0.371189, 0.125593, 0.000545, 0.001671, 0.000000]
rectification_matrix:
  rows: 3
  cols: 3
  data: [ 0.99798961, -0.05457316, -0.03222597,
          0.05446698,  0.99850689, -0.00416423,
          0.03240511,  0.0024006 ,  0.99947193]
projection_matrix:
  rows: 3
  cols: 4
  data: [375.7647 ,   0.     , 370.94731,   0.     ,
           0.     , 375.7647 , 249.85268,   0.     ,
           0.     ,   0.     ,   1.     ,   0.     ]
