image_width: 640
image_height: 480
camera_name: narrow_stereo/right
camera_matrix:
  rows: 3
  cols: 3
  data: [407.87778,   0.     , 328.91267,
           0.     , 409.74398, 242.5309 ,
           0.     ,   0.     ,   1.     ]
distortion_model: plumb_bob
distortion_coefficients:
  rows: 1
  cols: 5
  data: [-0.350337, 0.099416, -0.001112, 0.000240, 0.000000]
rectification_matrix:
  rows: 3
  cols: 3
  data: [ 0.99271992, -0.11531163, -0.0347907 ,
          0.11542547,  0.99331533,  0.00127486,
          0.03441113, -0.00528131,  0.99939381]
projection_matrix:
  rows: 3
  cols: 4
  data: [375.7647 ,   0.     , 370.94731, -27.34671,
           0.     , 375.7647 , 249.85268,   0.     ,
           0.     ,   0.     ,   1.     ,   0.     ]
